T E_media/NP C/NP M_media/NP X/NP
0.01 0.00000 0.00000 0.00000 0.00000
0.02 -2.00000 0.00000 1.00000 0.00000
0.03 0.00000 0.00000 0.00000 0.00000
0.04 -2.00000 0.00000 1.00000 0.00000
0.05 0.00000 0.00000 0.00000 0.00000
0.06 -2.00000 0.00000 1.00000 0.00000
0.07 0.00000 0.00000 0.00000 0.00000
0.08 -2.00000 0.00000 1.00000 0.00000
0.09 0.00000 0.00000 0.00000 0.00000
0.10 -2.00000 0.00000 1.00000 0.00000
0.11 0.00000 0.00000 0.00000 0.00000
0.12 -2.00000 0.00000 1.00000 0.00000
0.13 0.00000 0.00000 0.00000 0.00000
0.14 -2.00000 0.00000 1.00000 0.00000
0.15 0.00000 0.00000 0.00000 0.00000
0.16 -2.00000 0.00000 1.00000 0.00000
0.17 0.00000 0.00000 0.00000 0.00000
0.18 -2.00000 0.00000 1.00000 0.00000
0.19 0.00000 0.00000 0.00000 0.00000
0.20 -2.00000 0.00000 1.00000 0.00000
0.21 0.00000 0.00000 0.00000 0.00000
0.22 -2.00000 0.00000 1.00000 0.00000
0.23 0.00000 0.00000 0.00000 0.00000
0.24 -2.00000 0.00000 1.00000 0.00000
0.25 0.00000 0.00000 0.00000 0.00000
0.26 -2.00000 0.00000 1.00000 0.00000
0.27 0.00000 0.00000 0.00000 0.00000
0.28 -2.00000 0.00000 1.00000 0.00000
0.29 0.00000 0.00000 0.00000 0.00000
0.30 -2.00000 0.00000 1.00000 0.00000
0.31 0.00000 0.00000 0.00000 0.00000
0.32 -2.00000 0.00000 1.00000 0.00000
0.33 0.00000 0.00000 0.00000 0.00000
0.34 -2.00000 0.00000 1.00000 0.00000
0.35 0.00000 0.00000 0.00000 0.00000
0.36 -2.00000 0.00000 1.00000 0.00000
0.37 0.00000 0.00000 0.00000 0.00000
0.38 -2.00000 0.00000 1.00000 0.00000
0.39 0.00000 0.00000 0.00000 0.00000
0.40 -2.00000 0.00000 1.00000 0.00000
0.41 0.00000 0.00000 0.00000 0.00000
0.42 -2.00000 0.00000 1.00000 0.00000
0.43 0.00000 0.00000 0.00000 0.00000
0.44 -2.00000 0.00000 1.00000 0.00000
0.45 0.00000 0.00000 0.00000 0.00000
0.46 -2.00000 0.00000 1.00000 0.00000
0.47 0.00000 0.00000 0.00000 0.00000
0.48 -2.00000 0.00000 1.00000 0.00000
0.49 0.00000 0.00000 0.00000 0.00000
0.50 -2.00000 0.00000 1.00000 0.00000
0.51 0.00000 0.00000 0.00000 0.00000
0.52 -2.00000 0.00000 1.00000 0.00000
0.53 0.00000 0.00000 0.00000 0.00000
0.54 -2.00000 0.00000 1.00000 0.00000
0.55 0.00000 0.00000 0.00000 0.00000
0.56 -2.00000 0.00000 1.00000 0.00000
0.57 0.00000 0.00000 0.00000 0.00000
0.58 -2.00000 0.00000 1.00000 0.00000
0.59 0.00000 0.00000 0.00000 0.00000
0.60 -2.00000 0.00000 1.00000 0.00000
0.61 0.00000 0.00000 0.00000 0.00000
0.62 -2.00000 0.00000 1.00000 0.00000
0.63 0.00000 0.00000 0.00000 0.00000
0.64 -2.00000 0.00000 1.00000 0.00000
0.65 0.00000 0.00000 0.00000 0.00000
0.66 -2.00000 0.00000 1.00000 0.00000
0.67 0.00000 0.00000 0.00000 0.00000
0.68 -2.00000 0.00000 1.00000 0.00000
0.69 0.00000 0.00000 0.00000 0.00000
0.70 -1.99920 0.00000 0.99980 0.00000
0.71 0.00000 0.00000 0.00000 0.00000
0.72 -2.00000 0.00000 1.00000 0.00000
0.73 0.00000 0.00000 0.00000 0.00000
0.74 -2.00000 0.00000 1.00000 0.00000
0.75 0.00000 0.00000 0.00000 0.00000
0.76 -2.00000 0.00000 1.00000 0.00000
0.77 0.00000 0.00000 0.00000 0.00000
0.78 -2.00000 0.00000 1.00000 0.00000
0.79 0.00000 0.00000 0.00000 0.00000
0.80 -2.00000 0.00000 1.00000 0.00000
0.81 0.00000 0.00000 0.00000 0.00000
0.82 -1.99920 0.00000 0.99980 0.00000
0.83 0.00000 0.00000 0.00000 0.00000
0.84 -2.00000 0.00000 1.00000 0.00000
0.85 0.00000 0.00000 0.00000 0.00000
0.86 -1.99920 0.00000 0.99980 0.00000
0.87 0.00000 0.00000 0.00000 0.00000
0.88 -1.99720 0.00000 0.99920 0.00000
0.89 0.00000 0.00000 0.00000 0.00000
0.90 -1.99680 0.00000 0.99920 0.00000
0.91 0.00000 0.00000 0.00000 0.00000
0.92 -1.99840 0.00000 0.99960 0.00000
0.93 0.00000 0.00000 0.00000 0.00000
0.94 -1.99680 0.00000 0.99920 0.00000
0.95 0.00000 0.00000 0.00000 0.00000
0.96 -1.99760 0.00000 0.99940 0.00000
0.97 0.00000 0.00000 0.00000 0.00000
0.98 -1.99760 0.00000 0.99940 0.00000
0.99 0.00000 0.00000 0.00000 0.00000
1.00 -1.99720 0.00000 0.99920 0.00000
1.01 0.00000 0.00000 0.00000 0.00000
1.02 -1.99840 0.00000 0.99960 0.00000
1.03 0.00000 0.00000 0.00000 0.00000
1.04 -1.99840 0.00000 0.99960 0.00000
1.05 0.00000 0.00000 0.00000 0.00000
1.06 -1.99680 0.00000 0.99920 0.00000
1.07 0.00000 0.00000 0.00000 0.00000
1.08 -1.99760 0.00000 0.99940 0.00000
1.09 0.00000 0.00000 0.00000 0.00000
1.10 -1.99360 0.00000 0.99840 0.00000
1.11 0.00000 0.00000 0.00000 0.00000
1.12 -1.99120 0.00000 0.99780 0.00000
1.13 0.00000 0.00000 0.00000 0.00000
1.14 -1.99080 0.00000 0.99760 0.00000
1.15 0.00000 0.00000 0.00000 0.00000
1.16 -1.99200 0.00000 0.99800 0.00000
1.17 0.00000 0.00000 0.00000 0.00000
1.18 -1.99040 0.00000 0.99760 0.00000
1.19 0.00000 0.00000 0.00000 0.00000
1.20 -1.98720 0.00000 0.99600 0.00000
1.21 0.00000 0.00000 0.00000 0.00000
1.22 -1.99440 0.00000 0.99860 0.00000
1.23 0.00000 0.00000 0.00000 0.00000
1.24 -1.98320 0.00000 0.99560 0.00000
1.25 0.00000 0.00000 0.00000 0.00000
1.26 -1.98240 0.00000 0.99540 0.00000
1.27 0.00000 0.00000 0.00000 0.00000
1.28 -1.98400 0.00000 0.99580 0.00000
1.29 0.00000 0.00000 0.00000 0.00000
1.30 -1.98200 0.00000 0.99540 0.00000
1.31 0.00000 0.00000 0.00000 0.00000
1.32 -1.97440 0.00000 0.99340 0.00000
1.33 0.00000 0.00000 0.00000 0.00000
1.34 -1.97120 0.00000 0.99220 0.00000
1.35 0.00000 0.00000 0.00000 0.00000
1.36 -1.97680 0.00000 0.99380 0.00000
1.37 0.00000 0.00000 0.00000 0.00000
1.38 -1.97720 0.00000 0.99400 0.00000
1.39 0.00000 0.00000 0.00000 0.00000
1.40 -1.96680 0.00000 0.99100 0.00000
1.41 0.00000 0.00000 0.00000 0.00000
1.42 -1.96600 0.00000 0.99080 0.00000
1.43 0.00000 0.00000 0.00000 0.00000
1.44 -1.96640 0.00000 0.99060 0.00000
1.45 0.00000 0.00000 0.00000 0.00000
1.46 -1.95840 0.00000 0.98860 0.00000
1.47 0.00000 0.00000 0.00000 0.00000
1.48 -1.95080 0.00000 0.98660 0.00000
1.49 0.00000 0.00000 0.00000 0.00000
1.50 -1.94240 0.00000 0.98320 0.00000
1.51 0.00000 0.00000 0.00000 0.00000
1.52 -1.95000 0.00000 0.98640 0.00000
1.53 0.00000 0.00000 0.00000 0.00000
1.54 -1.95240 0.00000 0.98640 0.00000
1.55 0.00000 0.00000 0.00000 0.00000
1.56 -1.94800 0.00000 0.98540 0.00000
1.57 0.00000 0.00000 0.00000 0.00000
1.58 -1.93400 0.00000 0.98160 0.00000
1.59 0.00000 0.00000 0.00000 0.00000
1.60 -1.92280 0.00000 0.97900 0.00000
1.61 0.00000 0.00000 0.00000 0.00000
1.62 -1.92800 0.00000 0.97940 0.00000
1.63 0.00000 0.00000 0.00000 0.00000
1.64 -1.91400 0.00000 0.97540 0.00000
1.65 0.00000 0.00000 0.00000 0.00000
1.66 -1.91120 0.00000 0.97500 0.00000
1.67 0.00000 0.00000 0.00000 0.00000
1.68 -1.90280 0.00000 0.97180 0.00000
1.69 0.00000 0.00000 0.00000 0.00000
1.70 -1.89440 0.00000 0.96980 0.00000
1.71 0.00000 0.00000 0.00000 0.00000
1.72 -1.89120 0.00000 0.96700 0.00000
1.73 0.00000 0.00000 0.00000 0.00000
1.74 -1.87120 0.00000 0.96040 0.00000
1.75 0.00000 0.00000 0.00000 0.00000
1.76 -1.88600 0.00000 0.96780 0.00000
1.77 0.00000 0.00000 0.00000 0.00000
1.78 -1.85040 0.00000 0.95600 0.00000
1.79 0.00000 0.00000 0.00000 0.00000
1.80 -1.89160 0.00000 0.96760 0.00000
1.81 0.00000 0.00000 0.00000 0.00000
1.82 -1.86680 0.00000 0.96080 0.00000
1.83 0.00000 0.00000 0.00000 0.00000
1.84 -1.84600 0.00000 0.95260 0.00000
1.85 0.00000 0.00000 0.00000 0.00000
1.86 -1.83440 0.00000 0.94760 0.00000
1.87 0.00000 0.00000 0.00000 0.00000
1.88 -1.85160 0.00000 0.95700 0.00000
1.89 0.00000 0.00000 0.00000 0.00000
1.90 -1.83080 0.00000 0.94880 0.00000
1.91 0.00000 0.00000 0.00000 0.00000
1.92 -1.81240 0.00000 0.94080 0.00000
1.93 0.00000 0.00000 0.00000 0.00000
1.94 -1.80720 0.00000 0.94080 0.00000
1.95 0.00000 0.00000 0.00000 0.00000
1.96 -1.79600 0.00000 0.93320 0.00000
1.97 0.00000 0.00000 0.00000 0.00000
1.98 -1.77400 0.00000 0.92520 0.00000
1.99 0.00000 0.00000 0.00000 0.00000
2.00 -1.72120 0.00000 0.90940 0.00000
2.01 0.00000 0.00000 0.00000 0.00000
2.02 -1.72880 0.00000 0.90980 0.00000
2.03 0.00000 0.00000 0.00000 0.00000
2.04 -1.74920 0.00000 0.91900 0.00000
2.05 0.00000 0.00000 0.00000 0.00000
2.06 -1.72160 0.00000 0.90140 0.00000
2.07 0.00000 0.00000 0.00000 0.00000
2.08 -1.69600 0.00000 0.89280 0.00000
2.09 0.00000 0.00000 0.00000 0.00000
2.10 -1.67720 0.00000 0.87140 0.00000
2.11 0.00000 0.00000 0.00000 0.00000
2.12 -1.65120 0.00000 0.85860 0.00000
2.13 0.00000 0.00000 0.00000 0.00000
2.14 -1.65280 0.00000 0.86360 0.00000
2.15 0.00000 0.00000 0.00000 0.00000
2.16 -1.61920 0.00000 0.85080 0.00000
2.17 0.00000 0.00000 0.00000 0.00000
2.18 -1.59000 0.00000 0.83660 0.00000
2.19 0.00000 0.00000 0.00000 0.00000
2.20 -1.57840 0.00000 0.82900 0.00000
2.21 0.00000 0.00000 0.00000 0.00000
2.22 -1.55160 0.00000 0.81040 0.00000
2.23 0.00000 0.00000 0.00000 0.00000
2.24 -1.51560 0.00000 0.79000 0.00000
2.25 0.00000 0.00000 0.00000 0.00000
2.26 -1.50480 0.00000 0.77280 0.00000
2.27 0.00000 0.00000 0.00000 0.00000
2.28 -1.46680 0.00000 0.74300 0.00000
2.29 0.00000 0.00000 0.00000 0.00000
2.30 -1.45520 0.00000 0.74760 0.00000
2.31 0.00000 0.00000 0.00000 0.00000
2.32 -1.41760 0.00000 0.70840 0.00000
2.33 0.00000 0.00000 0.00000 0.00000
2.34 -1.42400 0.00000 0.69860 0.00000
2.35 0.00000 0.00000 0.00000 0.00000
2.36 -1.37600 0.00000 0.67580 0.00000
2.37 0.00000 0.00000 0.00000 0.00000
2.38 -1.36480 0.00000 0.66960 0.00000
2.39 0.00000 0.00000 0.00000 0.00000
2.40 -1.31600 0.00000 0.62000 0.00000
2.41 0.00000 0.00000 0.00000 0.00000
2.42 -1.33680 0.00000 0.61220 0.00000
2.43 0.00000 0.00000 0.00000 0.00000
2.44 -1.30000 0.00000 0.59100 0.00000
2.45 0.00000 0.00000 0.00000 0.00000
2.46 -1.26920 0.00000 0.54280 0.00000
2.47 0.00000 0.00000 0.00000 0.00000
2.48 -1.24360 0.00000 0.51900 0.00000
2.49 0.00000 0.00000 0.00000 0.00000
2.50 -1.23200 0.00000 0.50240 0.00000
2.51 0.00000 0.00000 0.00000 0.00000
2.52 -1.17160 0.00000 0.46040 0.00000
2.53 0.00000 0.00000 0.00000 0.00000
2.54 -1.19720 0.00000 0.43420 0.00000
2.55 0.00000 0.00000 0.00000 0.00000
2.56 -1.11040 0.00000 0.36560 0.00000
2.57 0.00000 0.00000 0.00000 0.00000
2.58 -1.10160 0.00000 0.29340 0.00000
2.59 0.00000 0.00000 0.00000 0.00000
2.60 -1.10960 0.00000 0.31560 0.00000
2.61 0.00000 0.00000 0.00000 0.00000
2.62 -1.04840 0.00000 0.28220 0.00000
2.63 0.00000 0.00000 0.00000 0.00000
2.64 -1.02680 0.00000 0.17480 0.00000
2.65 0.00000 0.00000 0.00000 0.00000
2.66 -0.98480 0.00000 0.15400 0.00000
2.67 0.00000 0.00000 0.00000 0.00000
2.68 -0.99880 0.00000 0.09900 0.00000
2.69 0.00000 0.00000 0.00000 0.00000
2.70 -0.99480 0.00000 0.08520 0.00000
2.71 0.00000 0.00000 0.00000 0.00000
2.72 -0.97800 0.00000 0.05260 0.00000
2.73 0.00000 0.00000 0.00000 0.00000
2.74 -0.96560 0.00000 0.03460 0.00000
2.75 0.00000 0.00000 0.00000 0.00000
2.76 -0.94920 0.00000 0.03220 0.00000
2.77 0.00000 0.00000 0.00000 0.00000
2.78 -0.92040 0.00000 0.07780 0.00000
2.79 0.00000 0.00000 0.00000 0.00000
2.80 -0.92520 0.00000 0.07660 0.00000
2.81 0.00000 0.00000 0.00000 0.00000
2.82 -0.89400 0.00000 0.04280 0.00000
2.83 0.00000 0.00000 0.00000 0.00000
2.84 -0.88560 0.00000 0.02740 0.00000
2.85 0.00000 0.00000 0.00000 0.00000
2.86 -0.90680 0.00000 0.01320 0.00000
2.87 0.00000 0.00000 0.00000 0.00000
2.88 -0.86000 0.00000 0.05280 0.00000
2.89 0.00000 0.00000 0.00000 0.00000
2.90 -0.86160 0.00000 0.07140 0.00000
2.91 0.00000 0.00000 0.00000 0.00000
2.92 -0.82160 0.00000 0.05820 0.00000
2.93 0.00000 0.00000 0.00000 0.00000
2.94 -0.85040 0.00000 0.02460 0.00000
2.95 0.00000 0.00000 0.00000 0.00000
2.96 -0.82800 0.00000 0.00060 0.00000
2.97 0.00000 0.00000 0.00000 0.00000
2.98 -0.82280 0.00000 0.02540 0.00000
2.99 0.00000 0.00000 0.00000 0.00000
3.00 -0.81120 0.00000 0.05660 0.00000
3.01 0.00000 0.00000 0.00000 0.00000
3.02 -0.82040 0.00000 0.03460 0.00000
3.03 0.00000 0.00000 0.00000 0.00000
3.04 -0.79960 0.00000 0.01500 0.00000
3.05 0.00000 0.00000 0.00000 0.00000
3.06 -0.76520 0.00000 0.04760 0.00000
3.07 0.00000 0.00000 0.00000 0.00000
3.08 -0.76960 0.00000 0.02700 0.00000
3.09 0.00000 0.00000 0.00000 0.00000
3.10 -0.79720 0.00000 0.02020 0.00000
3.11 0.00000 0.00000 0.00000 0.00000
3.12 -0.75040 0.00000 0.00320 0.00000
3.13 0.00000 0.00000 0.00000 0.00000
3.14 -0.76080 0.00000 0.00160 0.00000
3.15 0.00000 0.00000 0.00000 0.00000
3.16 -0.74280 0.00000 0.05620 0.00000
3.17 0.00000 0.00000 0.00000 0.00000
3.18 -0.76840 0.00000 0.03160 0.00000
3.19 0.00000 0.00000 0.00000 0.00000
3.20 -0.75800 0.00000 0.04060 0.00000
3.21 0.00000 0.00000 0.00000 0.00000
3.22 -0.74120 0.00000 0.00320 0.00000
3.23 0.00000 0.00000 0.00000 0.00000
3.24 -0.75480 0.00000 0.01080 0.00000
3.25 0.00000 0.00000 0.00000 0.00000
3.26 -0.72960 0.00000 0.01080 0.00000
3.27 0.00000 0.00000 0.00000 0.00000
3.28 -0.72080 0.00000 0.03980 0.00000
3.29 0.00000 0.00000 0.00000 0.00000
3.30 -0.71480 0.00000 0.02860 0.00000
3.31 0.00000 0.00000 0.00000 0.00000
3.32 -0.72440 0.00000 0.02200 0.00000
3.33 0.00000 0.00000 0.00000 0.00000
3.34 -0.70240 0.00000 0.03000 0.00000
3.35 0.00000 0.00000 0.00000 0.00000
3.36 -0.69560 0.00000 0.03220 0.00000
3.37 0.00000 0.00000 0.00000 0.00000
3.38 -0.70040 0.00000 0.03720 0.00000
3.39 0.00000 0.00000 0.00000 0.00000
3.40 -0.67880 0.00000 0.04260 0.00000
3.41 0.00000 0.00000 0.00000 0.00000
3.42 -0.69080 0.00000 0.00660 0.00000
3.43 0.00000 0.00000 0.00000 0.00000
3.44 -0.69680 0.00000 0.03160 0.00000
3.45 0.00000 0.00000 0.00000 0.00000
3.46 -0.72600 0.00000 0.01180 0.00000
3.47 0.00000 0.00000 0.00000 0.00000
3.48 -0.66640 0.00000 0.01280 0.00000
3.49 0.00000 0.00000 0.00000 0.00000
3.50 -0.64800 0.00000 0.02100 0.00000
3.51 0.00000 0.00000 0.00000 0.00000
3.52 -0.66080 0.00000 0.00800 0.00000
3.53 0.00000 0.00000 0.00000 0.00000
3.54 -0.62640 0.00000 0.02120 0.00000
3.55 0.00000 0.00000 0.00000 0.00000
3.56 -0.68240 0.00000 0.02720 0.00000
3.57 0.00000 0.00000 0.00000 0.00000
3.58 -0.62920 0.00000 0.01220 0.00000
3.59 0.00000 0.00000 0.00000 0.00000
3.60 -0.61440 0.00000 0.00800 0.00000
3.61 0.00000 0.00000 0.00000 0.00000
3.62 -0.66360 0.00000 0.03440 0.00000
3.63 0.00000 0.00000 0.00000 0.00000
3.64 -0.63360 0.00000 0.00300 0.00000
3.65 0.00000 0.00000 0.00000 0.00000
3.66 -0.65040 0.00000 0.00020 0.00000
3.67 0.00000 0.00000 0.00000 0.00000
3.68 -0.59760 0.00000 0.01760 0.00000
3.69 0.00000 0.00000 0.00000 0.00000
3.70 -0.61240 0.00000 0.04340 0.00000
3.71 0.00000 0.00000 0.00000 0.00000
3.72 -0.58880 0.00000 0.03980 0.00000
3.73 0.00000 0.00000 0.00000 0.00000
3.74 -0.61200 0.00000 0.01880 0.00000
3.75 0.00000 0.00000 0.00000 0.00000
3.76 -0.61440 0.00000 0.00140 0.00000
3.77 0.00000 0.00000 0.00000 0.00000
3.78 -0.59080 0.00000 0.02480 0.00000
3.79 0.00000 0.00000 0.00000 0.00000
3.80 -0.60080 0.00000 0.00460 0.00000
3.81 0.00000 0.00000 0.00000 0.00000
3.82 -0.61360 0.00000 0.00300 0.00000
3.83 0.00000 0.00000 0.00000 0.00000
3.84 -0.60200 0.00000 0.02520 0.00000
3.85 0.00000 0.00000 0.00000 0.00000
3.86 -0.58440 0.00000 0.02360 0.00000
3.87 0.00000 0.00000 0.00000 0.00000
3.88 -0.57160 0.00000 0.01620 0.00000
3.89 0.00000 0.00000 0.00000 0.00000
3.90 -0.61200 0.00000 0.00340 0.00000
3.91 0.00000 0.00000 0.00000 0.00000
3.92 -0.57480 0.00000 0.02640 0.00000
3.93 0.00000 0.00000 0.00000 0.00000
3.94 -0.55960 0.00000 0.00220 0.00000
3.95 0.00000 0.00000 0.00000 0.00000
3.96 -0.52200 0.00000 0.02440 0.00000
3.97 0.00000 0.00000 0.00000 0.00000
3.98 -0.55920 0.00000 0.04380 0.00000
3.99 0.00000 0.00000 0.00000 0.00000
4.00 -0.54920 0.00000 0.03780 0.00000
4.01 0.00000 0.00000 0.00000 0.00000
4.02 -0.57280 0.00000 0.03380 0.00000
4.03 0.00000 0.00000 0.00000 0.00000
4.04 -0.53280 0.00000 0.01420 0.00000
4.05 0.00000 0.00000 0.00000 0.00000
4.06 -0.50400 0.00000 0.02800 0.00000
4.07 0.00000 0.00000 0.00000 0.00000
4.08 -0.55520 0.00000 0.01300 0.00000
4.09 0.00000 0.00000 0.00000 0.00000
4.10 -0.54360 0.00000 0.00280 0.00000
4.11 0.00000 0.00000 0.00000 0.00000
4.12 -0.54360 0.00000 0.02280 0.00000
4.13 0.00000 0.00000 0.00000 0.00000
4.14 -0.54480 0.00000 0.03620 0.00000
4.15 0.00000 0.00000 0.00000 0.00000
4.16 -0.53640 0.00000 0.01540 0.00000
4.17 0.00000 0.00000 0.00000 0.00000
4.18 -0.52120 0.00000 0.00180 0.00000
4.19 0.00000 0.00000 0.00000 0.00000
4.20 -0.49080 0.00000 0.00780 0.00000
4.21 0.00000 0.00000 0.00000 0.00000
4.22 -0.50280 0.00000 0.00960 0.00000
4.23 0.00000 0.00000 0.00000 0.00000
4.24 -0.52120 0.00000 0.01980 0.00000
4.25 0.00000 0.00000 0.00000 0.00000
4.26 -0.49920 0.00000 0.02740 0.00000
4.27 0.00000 0.00000 0.00000 0.00000
4.28 -0.51200 0.00000 0.01340 0.00000
4.29 0.00000 0.00000 0.00000 0.00000
4.30 -0.52400 0.00000 0.00940 0.00000
4.31 0.00000 0.00000 0.00000 0.00000
4.32 -0.49640 0.00000 0.02080 0.00000
4.33 0.00000 0.00000 0.00000 0.00000
4.34 -0.51840 0.00000 0.01060 0.00000
4.35 0.00000 0.00000 0.00000 0.00000
4.36 -0.46840 0.00000 0.00240 0.00000
4.37 0.00000 0.00000 0.00000 0.00000
4.38 -0.48440 0.00000 0.02500 0.00000
4.39 0.00000 0.00000 0.00000 0.00000
4.40 -0.45880 0.00000 0.02400 0.00000
4.41 0.00000 0.00000 0.00000 0.00000
4.42 -0.46080 0.00000 0.00180 0.00000
4.43 0.00000 0.00000 0.00000 0.00000
4.44 -0.47960 0.00000 0.01540 0.00000
4.45 0.00000 0.00000 0.00000 0.00000
4.46 -0.48000 0.00000 0.00300 0.00000
4.47 0.00000 0.00000 0.00000 0.00000
4.48 -0.48760 0.00000 0.00040 0.00000
4.49 0.00000 0.00000 0.00000 0.00000
4.50 -0.49200 0.00000 0.00860 0.00000
4.51 0.00000 0.00000 0.00000 0.00000
4.52 -0.50360 0.00000 0.03340 0.00000
4.53 0.00000 0.00000 0.00000 0.00000
4.54 -0.50200 0.00000 0.02020 0.00000
4.55 0.00000 0.00000 0.00000 0.00000
4.56 -0.48080 0.00000 0.00860 0.00000
4.57 0.00000 0.00000 0.00000 0.00000
4.58 -0.49280 0.00000 0.00640 0.00000
4.59 0.00000 0.00000 0.00000 0.00000
4.60 -0.50440 0.00000 0.01760 0.00000
4.61 0.00000 0.00000 0.00000 0.00000
4.62 -0.47520 0.00000 0.00920 0.00000
4.63 0.00000 0.00000 0.00000 0.00000
4.64 -0.47480 0.00000 0.01780 0.00000
4.65 0.00000 0.00000 0.00000 0.00000
4.66 -0.46880 0.00000 0.01000 0.00000
4.67 0.00000 0.00000 0.00000 0.00000
4.68 -0.47240 0.00000 0.01800 0.00000
4.69 0.00000 0.00000 0.00000 0.00000
4.70 -0.45360 0.00000 0.02620 0.00000
4.71 0.00000 0.00000 0.00000 0.00000
4.72 -0.45880 0.00000 0.01760 0.00000
4.73 0.00000 0.00000 0.00000 0.00000
4.74 -0.45080 0.00000 0.01380 0.00000
4.75 0.00000 0.00000 0.00000 0.00000
4.76 -0.44160 0.00000 0.00360 0.00000
4.77 0.00000 0.00000 0.00000 0.00000
4.78 -0.42440 0.00000 0.01840 0.00000
4.79 0.00000 0.00000 0.00000 0.00000
4.80 -0.47040 0.00000 0.01820 0.00000
4.81 0.00000 0.00000 0.00000 0.00000
4.82 -0.46600 0.00000 0.00100 0.00000
4.83 0.00000 0.00000 0.00000 0.00000
4.84 -0.46360 0.00000 0.02460 0.00000
4.85 0.00000 0.00000 0.00000 0.00000
4.86 -0.44160 0.00000 0.01900 0.00000
4.87 0.00000 0.00000 0.00000 0.00000
4.88 -0.44760 0.00000 0.01600 0.00000
4.89 0.00000 0.00000 0.00000 0.00000
4.90 -0.45480 0.00000 0.03360 0.00000
4.91 0.00000 0.00000 0.00000 0.00000
4.92 -0.44320 0.00000 0.00320 0.00000
4.93 0.00000 0.00000 0.00000 0.00000
4.94 -0.43640 0.00000 0.03280 0.00000
4.95 0.00000 0.00000 0.00000 0.00000
4.96 -0.44600 0.00000 0.00660 0.00000
4.97 0.00000 0.00000 0.00000 0.00000
4.98 -0.40400 0.00000 0.04560 0.00000
4.99 0.00000 0.00000 0.00000 0.00000
5.00 -0.40680 0.00000 0.00340 0.00000
5.01 0.00000 0.00000 0.00000 0.00000
5.02 -0.42320 0.00000 0.00140 0.00000
5.03 0.00000 0.00000 0.00000 0.00000
5.04 -0.38920 0.00000 0.00480 0.00000
5.05 0.00000 0.00000 0.00000 0.00000
5.06 -0.40000 0.00000 0.00600 0.00000
5.07 0.00000 0.00000 0.00000 0.00000
5.08 -0.40720 0.00000 0.00080 0.00000
5.09 0.00000 0.00000 0.00000 0.00000
5.10 -0.43320 0.00000 0.01660 0.00000
5.11 0.00000 0.00000 0.00000 0.00000
5.12 -0.41760 0.00000 0.01940 0.00000
5.13 0.00000 0.00000 0.00000 0.00000
5.14 -0.42720 0.00000 0.01540 0.00000
5.15 0.00000 0.00000 0.00000 0.00000
5.16 -0.42200 0.00000 0.01000 0.00000
5.17 0.00000 0.00000 0.00000 0.00000
5.18 -0.42800 0.00000 0.00660 0.00000
5.19 0.00000 0.00000 0.00000 0.00000
5.20 -0.39280 0.00000 0.00560 0.00000
5.21 0.00000 0.00000 0.00000 0.00000
5.22 -0.41280 0.00000 0.01920 0.00000
5.23 0.00000 0.00000 0.00000 0.00000
5.24 -0.37520 0.00000 0.01240 0.00000
5.25 0.00000 0.00000 0.00000 0.00000
5.26 -0.39000 0.00000 0.00220 0.00000
5.27 0.00000 0.00000 0.00000 0.00000
5.28 -0.39800 0.00000 0.00080 0.00000
5.29 0.00000 0.00000 0.00000 0.00000
5.30 -0.39240 0.00000 0.00940 0.00000
5.31 0.00000 0.00000 0.00000 0.00000
5.32 -0.37560 0.00000 0.00140 0.00000
5.33 0.00000 0.00000 0.00000 0.00000
5.34 -0.41080 0.00000 0.00780 0.00000
5.35 0.00000 0.00000 0.00000 0.00000
5.36 -0.41080 0.00000 0.00060 0.00000
5.37 0.00000 0.00000 0.00000 0.00000
5.38 -0.40240 0.00000 0.00000 0.00000
5.39 0.00000 0.00000 0.00000 0.00000
5.40 -0.40200 0.00000 0.00360 0.00000
5.41 0.00000 0.00000 0.00000 0.00000
5.42 -0.37760 0.00000 0.00760 0.00000
5.43 0.00000 0.00000 0.00000 0.00000
5.44 -0.41000 0.00000 0.01700 0.00000
5.45 0.00000 0.00000 0.00000 0.00000
5.46 -0.37000 0.00000 0.00120 0.00000
5.47 0.00000 0.00000 0.00000 0.00000
5.48 -0.39680 0.00000 0.02620 0.00000
5.49 0.00000 0.00000 0.00000 0.00000
5.50 -0.35600 0.00000 0.00740 0.00000
5.51 0.00000 0.00000 0.00000 0.00000
5.52 -0.39640 0.00000 0.00140 0.00000
5.53 0.00000 0.00000 0.00000 0.00000
5.54 -0.38320 0.00000 0.00020 0.00000
5.55 0.00000 0.00000 0.00000 0.00000
5.56 -0.38200 0.00000 0.01020 0.00000
5.57 0.00000 0.00000 0.00000 0.00000
5.58 -0.38200 0.00000 0.01100 0.00000
5.59 0.00000 0.00000 0.00000 0.00000
5.60 -0.37360 0.00000 0.00580 0.00000
5.61 0.00000 0.00000 0.00000 0.00000
5.62 -0.37960 0.00000 0.01700 0.00000
5.63 0.00000 0.00000 0.00000 0.00000
5.64 -0.36240 0.00000 0.00080 0.00000
5.65 0.00000 0.00000 0.00000 0.00000
5.66 -0.39160 0.00000 0.02060 0.00000
5.67 0.00000 0.00000 0.00000 0.00000
5.68 -0.38240 0.00000 0.01360 0.00000
5.69 0.00000 0.00000 0.00000 0.00000
5.70 -0.39040 0.00000 0.01320 0.00000
5.71 0.00000 0.00000 0.00000 0.00000
5.72 -0.36040 0.00000 0.00940 0.00000
5.73 0.00000 0.00000 0.00000 0.00000
5.74 -0.36520 0.00000 0.00620 0.00000
5.75 0.00000 0.00000 0.00000 0.00000
5.76 -0.36200 0.00000 0.00680 0.00000
5.77 0.00000 0.00000 0.00000 0.00000
5.78 -0.34080 0.00000 0.02460 0.00000
5.79 0.00000 0.00000 0.00000 0.00000
5.80 -0.36280 0.00000 0.03840 0.00000
5.81 0.00000 0.00000 0.00000 0.00000
5.82 -0.36400 0.00000 0.00520 0.00000
5.83 0.00000 0.00000 0.00000 0.00000
5.84 -0.36480 0.00000 0.00120 0.00000
5.85 0.00000 0.00000 0.00000 0.00000
5.86 -0.35280 0.00000 0.00960 0.00000
5.87 0.00000 0.00000 0.00000 0.00000
5.88 -0.34960 0.00000 0.00520 0.00000
5.89 0.00000 0.00000 0.00000 0.00000
5.90 -0.36720 0.00000 0.00320 0.00000
5.91 0.00000 0.00000 0.00000 0.00000
5.92 -0.34080 0.00000 0.00740 0.00000
5.93 0.00000 0.00000 0.00000 0.00000
5.94 -0.34320 0.00000 0.01040 0.00000
5.95 0.00000 0.00000 0.00000 0.00000
5.96 -0.34360 0.00000 0.00540 0.00000
5.97 0.00000 0.00000 0.00000 0.00000
5.98 -0.35480 0.00000 0.01720 0.00000
5.99 0.00000 0.00000 0.00000 0.00000
6.00 -0.36440 0.00000 0.00560 0.00000
